6.2039e+7,9.253e-8
6.9711e+7,8.451e-8
8.1143e+7,7.018e-8
1.0357e+8,5.457e-8
1.3113e+8,4.272e-8
1.692e+8,3.315e-8
2.2986e+8,2.848e-8
3.0891e+8,2.595e-8
3.6945e+8,2.486e-8
4.5401e+8,2.301e-8
6.0519e+8,2.189e-8
8.1996e+8,2.354e-8
1.0186e+9,2.491e-8
5.5168e+9,5.168e-8
6.598e+9,5.815e-8
9.7497e+9,7.512e-8
1.3103e+10,9.107e-8
1.7752e+10,1.114e-7
2.3728e+10,1.391e-7
3.1975e+10,1.745e-7
4.3087e+10,2.189e-7
5.8062e+10,2.777e-7
7.7396e+10,3.539e-7
1.0317e+11,4.604e-7
1.3753e+11,5.867e-7
1.6946e+11,7.113e-7
1.3572e+9,2.694e-8
1.7993e+9,2.972e-8
2.5001e+9,3.41e-8
3.2375e+9,4.069e-8
4.1923e+9,4.578e-8
8.094e+9,6.519e-8