1.0056e+6,4.873e-10
1.0247e+6,5.062e-10
1.1409e+6,5.488e-10
1.1975e+6,5.701e-10
1.2467e+6,5.895e-10
1.377e+6,6.334e-10
1.4375e+6,6.477e-10
1.525e+6,6.669e-10
1.7349e+6,7.084e-10
1.8306e+6,7.245e-10
1.9317e+6,7.409e-10
2.1624e+6,7.978e-10
2.2696e+6,8.104e-10
2.3948e+6,8.287e-10
2.7539e+6,8.628e-10
2.9059e+6,8.628e-10
3.0663e+6,8.628e-10
3.1924e+6,8.532e-10
3.622e+6,8.287e-10
3.7811e+6,8.213e-10
4.0113e+6,8.158e-10
4.5879e+6,8.25e-10
4.8673e+6,8.399e-10
5.081e+6,8.667e-10
5.8428e+6,8.824e-10
6.1323e+6,8.59e-10
6.3673e+6,8.287e-10
7.0139e+6,7.509e-10
7.2827e+6,7.245e-10
7.5415e+6,7.053e-10
7.5415e+6,6.82e-10
8.465e+6,6.565e-10
9.0287e+6,6.477e-10
9.5271e+6,6.334e-10
1.078e+7,6.002e-10
1.1193e+7,5.791e-10
1.1748e+7,5.637e-10
1.3151e+7,5.177e-10
1.3729e+7,5.017e-10
1.4179e+7,4.873e-10
1.4762e+7,4.873e-10
1.613e+7,4.587e-10
1.702e+7,4.485e-10
1.8057e+7,4.406e-10
2.0764e+7,4.138e-10
2.1792e+7,4.074e-10
2.2995e+7,4.028e-10
2.6301e+7,4.028e-10
2.7753e+7,4.028e-10
2.9285e+7,4.028e-10
3.0489e+7,3.983e-10
3.4223e+7,4.046e-10
3.6306e+7,4.166e-10
3.7799e+7,4.308e-10
4.0534e+7,4.744e-10
4.2087e+7,4.873e-10
4.2656e+7,5.096e-10
4.6236e+7,5.83e-10
4.788e+7,6.097e-10
4.9051e+7,6.334e-10
5.2178e+7,6.82e-10
5.3026e+7,7.1e-10
5.4763e+7,7.459e-10
5.6557e+7,7.628e-10
5.92e+7,8.399e-10
6.0812e+7,8.784e-10
6.2468e+7,9.187e-10
6.6449e+7,9.981e-10
6.7529e+7,1.039e-9
6.9741e+7,1.092e-9
7.2026e+7,1.116e-9
7.6002e+7,1.221e-9
7.703e+7,1.277e-9
7.9553e+7,1.345e-9
8.5768e+7,1.528e-9
8.8578e+7,1.608e-9
9.0502e+7,1.671e-9
9.6012e+7,1.84e-9
9.8892e+7,1.911e-9
1.0213e+8,2.021e-9
1.0213e+8,1.955e-9
1.0923e+8,2.236e-9
1.1281e+8,2.354e-9
1.1588e+8,2.429e-9
1.256e+8,2.693e-9
1.2902e+8,2.816e-9
1.3289e+8,2.926e-9
1.4366e+8,3.221e-9
1.4797e+8,3.347e-9
1.5282e+8,3.422e-9
1.5405e+8,3.523e-9
1.6788e+8,3.915e-9
1.7338e+8,4.122e-9
1.7954e+8,4.234e-9
1.9202e+8,4.683e-9
2.0261e+8,4.898e-9
2.0535e+8,5.122e-9
2.2682e+8,5.515e-9
2.3299e+8,5.768e-9
2.4322e+8,5.952e-9
2.7228e+8,6.554e-9
2.8731e+8,6.854e-9
2.9912e+8,7.009e-9
3.2861e+8,7.667e-9
3.4675e+8,7.929e-9
3.61e+8,8.108e-9
3.9873e+8,8.633e-9
4.2074e+8,8.829e-9
4.4397e+8,9.029e-9
5.0507e+8,9.485e-9
5.3582e+8,9.657e-9
5.5935e+8,9.743e-9
6.4668e+8,1.019e-8
6.8237e+8,1.033e-8
7.1618e+8,1.037e-8
7.4563e+8,1.049e-8
8.4144e+8,1.061e-8
8.8789e+8,1.061e-8
9.3188e+8,1.066e-8
1.1008e+9,1.11e-8
1.1615e+9,1.11e-8
1.2256e+9,1.135e-8
1.3943e+9,1.192e-8
1.4713e+9,1.219e-8
1.5525e+9,1.247e-8
1.7473e+9,1.321e-8
1.8339e+9,1.373e-8
1.9093e+9,1.373e-8
1.9247e+9,1.413e-8
2.1546e+9,1.535e-8
2.2614e+9,1.595e-8
2.367e+9,1.624e-8
2.6144e+9,1.768e-8
2.7439e+9,1.816e-8
2.8799e+9,1.866e-8
3.2239e+9,2.009e-8
3.3836e+9,2.087e-8
3.5704e+9,2.134e-8
3.9968e+9,2.298e-8
4.2174e+9,2.35e-8
4.3909e+9,2.431e-8
4.9818e+9,2.588e-8
5.2286e+9,2.658e-8
5.4876e+9,2.731e-8
6.1762e+9,2.895e-8
6.4822e+9,2.94e-8
6.84e+9,3.007e-8
7.8233e+9,3.216e-8
8.2551e+9,3.289e-8
8.6641e+9,3.341e-8
9.9631e+9,3.557e-8
1.057e+10,3.622e-8
1.1034e+10,3.654e-8
1.2688e+10,3.805e-8
1.3461e+10,3.873e-8
1.4052e+10,3.908e-8
1.6246e+10,4.051e-8
1.705e+10,4.069e-8
1.7992e+10,4.115e-8
1.8731e+10,4.161e-8
2.1138e+10,4.161e-8
2.2305e+10,4.161e-8
2.3536e+10,4.161e-8
2.7653e+10,4.161e-8
2.9179e+10,4.161e-8
3.079e+10,4.161e-8
3.637e+10,4.087e-8
3.7968e+10,4.051e-8
4.0279e+10,4.024e-8
4.5823e+10,3.873e-8
4.8352e+10,3.787e-8
5.1572e+10,3.737e-8
5.8356e+10,3.541e-8
6.1577e+10,3.463e-8
6.3937e+10,3.341e-8
6.621e+10,3.363e-8
7.2347e+10,3.096e-8
7.6341e+10,3.027e-8
7.9267e+10,2.921e-8
8.2084e+10,2.94e-8
9.0176e+10,2.719e-8
9.3381e+10,2.629e-8
9.6441e+10,2.599e-8
9.7745e+10,2.514e-8
1.0652e+11,2.334e-8
1.1031e+11,2.273e-8
1.124e+11,2.183e-8
1.1639e+11,2.125e-8
1.2549e+11,1.965e-8
1.3065e+11,1.891e-8
1.3565e+11,1.825e-8
1.4943e+11,1.653e-8
1.5104e+11,1.595e-8
1.5641e+11,1.553e-8
1.5853e+11,1.501e-8
1.7091e+11,1.351e-8
1.7556e+11,1.292e-8
1.8034e+11,1.247e-8
1.9235e+11,1.14e-8
1.9759e+11,1.09e-8
2.0352e+11,1.049e-8
2.1019e+11,1.026e-8
2.2001e+11,9.317e-9
2.2661e+11,8.968e-9
2.3278e+11,8.575e-9
2.4895e+11,7.718e-9
2.5164e+11,7.447e-9
2.5849e+11,7.12e-9
2.6058e+11,6.854e-9
2.7496e+11,6.337e-9
2.7868e+11,6.06e-9
2.8627e+11,5.794e-9
2.9014e+11,5.603e-9
3.0452e+11,5.122e-9
3.1197e+11,4.865e-9
3.1704e+11,4.652e-9
3.3454e+11,4.215e-9
3.3815e+11,4.067e-9
3.4736e+11,3.889e-9
3.5017e+11,3.743e-9
3.695e+11,3.461e-9
3.745e+11,3.309e-9
3.8263e+11,3.15e-9
3.8469e+11,3.06e-9
4.0593e+11,2.766e-9
4.1474e+11,2.633e-9
4.1923e+11,2.54e-9
4.4237e+11,2.271e-9
4.5198e+11,2.162e-9
4.6179e+11,2.058e-9
4.8337e+11,1.848e-9
4.8991e+11,1.767e-9
4.9255e+11,1.697e-9
4.9654e+11,1.634e-9
5.1974e+11,1.484e-9
5.2818e+11,1.406e-9
5.3389e+11,1.357e-9
5.5734e+11,1.202e-9
5.6034e+11,1.155e-9
5.756e+11,1.104e-9
6.0412e+11,9.981e-10
6.0737e+11,9.437e-10
6.1064e+11,9.064e-10
6.1558e+11,8.726e-10
6.409e+11,7.889e-10
6.5482e+11,7.509e-10
6.6189e+11,7.245e-10
6.9469e+11,6.448e-10
7.0978e+11,6.138e-10
7.136e+11,5.895e-10
7.5299e+11,5.154e-10
7.5705e+11,4.95e-10
7.7557e+11,4.744e-10
7.9883e+11,4.232e-10
8.1838e+11,4.055e-10
8.2059e+11,3.869e-10
8.6124e+11,3.852e-10
8.6124e+11,3.293e-10
8.6356e+11,3.467e-10
8.6588e+11,3.162e-10
8.8946e+11,3.065e-10
9.0878e+11,2.632e-10
9.1122e+11,2.771e-10
9.3604e+11,2.533e-10
9.3855e+11,2.417e-10
9.5894e+11,2.103e-10
9.6152e+11,2.215e-10
9.6411e+11,2.02e-10