1.1973e+7,1.0871e+0
1.2686e+7,1.4271e+0
1.4462e+7,2.36e+0
1.5031e+7,3.0664e+0
1.7605e+7,5.036e+0
1.8797e+7,6.566e+0
2.1596e+7,1.0347e+1
2.297e+7,1.3677e+1
2.7008e+7,2.2696e+1
2.8506e+7,2.9592e+1
3.4037e+7,4.8432e+1
3.6063e+7,6.3582e+1
4.4239e+7,1.0587e+2
4.7602e+7,1.3662e+2
5.8394e+7,2.213e+2
6.3318e+7,2.8557e+2
7.7673e+7,3.8537e+2
8.0726e+7,5.7471e+2
1.0292e+8,1.0182e+3
1.0738e+8,1.2959e+3
1.401e+8,2.0919e+3
1.5017e+8,2.6717e+3
1.9146e+8,3.8361e+3
2.1165e+8,5.4139e+3
2.1165e+8,4.6846e+3
2.6673e+8,7.5883e+3
2.9714e+8,1.1239e+4
3.631e+8,1.8586e+4
3.922e+8,2.0609e+4
4.4887e+8,2.2463e+4
6.134e+8,3.7404e+4
7.1018e+8,4.5052e+4
9.8179e+8,7.1979e+4
1.1588e+9,8.79e+4
1.7171e+9,1.3154e+5
2.164e+9,1.5466e+5
3.0499e+9,2.3224e+5
3.9337e+9,2.7212e+5
5.874e+9,3.8538e+5
7.7833e+9,4.4538e+5
1.1667e+10,6.2425e+5
1.5944e+10,7.0183e+5
3.3815e+10,1.0612e+6
6.8737e+10,1.3788e+6
7.3677e+10,1.5342e+6