#1.2065e+7,1.2989e+1
#1.2833e+7,1.6935e+1
#1.4915e+7,2.7337e+1
#1.5926e+7,3.552e+1
#1.8725e+7,5.8536e+1
#2.0071e+7,7.5796e+1
#2.3598e+7,1.2448e+2
#2.5392e+7,1.623e+2
#2.9626e+7,2.2592e+2
3.1149e+7,2.9355e+2
3.2001e+7,3.6596e+2
4.1754e+7,5.8671e+2
4.4239e+7,7.4673e+2
5.5539e+7,1.218e+3
6.0455e+7,1.5716e+3
7.5897e+7,2.5458e+3
8.2934e+7,3.2514e+3
1.0614e+8,5.2306e+3
1.2008e+8,6.7032e+3
1.641e+8,1.0527e+4
1.878e+8,1.3306e+4
2.5467e+8,2.0397e+4
2.9259e+8,2.596e+4
4.2528e+8,3.9934e+4
4.9428e+8,5.0477e+4
5.339e+8,4.7934e+4
7.4095e+8,7.323e+4
9.0543e+8,8.9736e+4
1.3262e+9,1.284e+5
1.6714e+9,1.5202e+5
2.4482e+9,2.1234e+5
3.2067e+9,2.684e+5
4.4674e+9,3.1995e+5
8.9077e+9,4.9048e+5
1.8965e+10,7.3146e+5
2.3354e+10,7.676e+5
2.6218e+10,8.2236e+5
2.887e+10,8.6598e+5
3.1792e+10,9.1191e+5
4.8026e+10,1.1291e+6
6.5377e+10,1.2782e+6
9.0032e+10,1.5289e+6