1.2112e+7,2.1356e+0
1.2784e+7,2.7748e+0
1.4744e+7,4.6684e+0
1.5682e+7,6.0658e+0
1.8017e+7,9.6247e+0
1.9612e+7,1.2463e+1
2.2706e+7,2.104e+1
2.4526e+7,2.7243e+1
2.8616e+7,4.5052e+1
3.1149e+7,5.8335e+1
3.7481e+7,9.9506e+1
3.8804e+7,1.3018e+2
4.8342e+7,1.9684e+2
5.3645e+7,2.54e+2
5.9991e+7,4.1429e+2
7.3308e+7,4.9387e+2
8.5863e+7,8.8711e+2
9.455e+7,1.1447e+3
1.1824e+8,1.8671e+3
1.3274e+8,2.4093e+3
1.7055e+8,3.7966e+3
1.9072e+8,4.8655e+3
2.4789e+8,7.9633e+3
2.7829e+8,1.0205e+4
3.716e+8,1.6418e+4
4.2039e+8,2.0895e+4
6.0169e+8,3.0841e+4
6.9662e+8,3.9252e+4
9.9321e+8,6.038e+4
1.1411e+9,7.7114e+4
1.2469e+9,7.2477e+4
1.7304e+9,1.0958e+5
2.1474e+9,1.3199e+5
3.0854e+9,1.982e+5
3.8289e+9,2.3873e+5
5.9194e+9,3.3692e+5
7.5178e+9,3.9478e+5
1.1401e+10,5.4954e+5
1.4761e+10,6.3729e+5
2.3717e+10,8.6598e+5
3.0707e+10,9.9393e+5
4.915e+10,1.287e+6
6.4875e+10,1.462e+6
9.0032e+10,1.7249e+6