1.0000e-3,8.8412e+8
1.1592e-3,8.8412e+8
1.3139e-3,8.8412e+8
1.4893e-3,8.8412e+8
1.688e-3,8.8412e+8
1.9133e-3,8.8412e+8
2.1686e-3,8.8412e+8
2.458e-3,8.8412e+8
2.7861e-3,8.8412e+8
3.1579e-3,8.8412e+8
3.5793e-3,8.8412e+8
4.057e-3,8.8412e+8
4.5984e-3,8.8412e+8
5.2121e-3,8.8412e+8
5.9374e-3,8.7898e+8
6.6961e-3,8.5869e+8
7.5898e-3,8.3399e+8
8.6027e-3,8.3399e+8
9.7997e-3,8.2913e+8
1.0956e-2,7.9594e+8
1.248e-2,7.5962e+8
1.4217e-2,7.2074e+8
1.6215e-2,6.8785e+8
1.8333e-2,6.5647e+8
2.0547e-2,6.1564e+8
2.3377e-2,5.4144e+8
2.6629e-2,4.7618e+8
3.0221e-2,4.1635e+8
3.4169e-2,3.6617e+8
3.868e-2,3.2393e+8
4.3842e-2,2.7508e+8
4.9569e-2,2.3089e+8
5.6396e-2,1.8932e+8
6.3762e-2,1.5706e+8
7.2362e-2,1.2879e+8
8.2122e-2,1.056e+8
9.3082e-2,8.7608e+7
1.0511e-1,7.3534e+7
1.1943e-1,6.2082e+7
1.3537e-1,5.2108e+7
1.5382e-1,4.3993e+7
1.7457e-1,3.7142e+7
1.9688e-1,3.1541e+7
2.2176e-1,2.7902e+7
2.5325e-1,2.4396e+7
2.8705e-1,2.1708e+7
3.2782e-1,1.898e+7
3.7063e-1,1.6889e+7
4.1747e-1,1.5293e+7
4.72e-1,1.4259e+7
5.3701e-1,1.3217e+7
6.1481e-1,1.2322e+7
6.8646e-1,1.1829e+7
7.7905e-1,1.1355e+7
8.8634e-1,1.1093e+7
9.7122e-1,1.0965e+7