5.9916e+6,7.9335e-9
7.6622e+6,8.4209e-9
9.8438e+6,8.8469e-9
1.2676e+7,8.1317e-9
1.6435e+7,7.188e-9
1.9617e+7,6.6478e-9
2.6632e+7,5.7449e-9
3.3901e+7,5.3023e-9
4.3854e+7,5.3461e-9
5.647e+7,5.4124e-9
7.2715e+7,5.5022e-9
9.3418e+7,5.5934e-9
1.2002e+8,5.8282e-9
1.5242e+8,6.1736e-9
1.9448e+8,6.5394e-9
2.3917e+8,6.8843e-9
2.6402e+8,7.0708e-9
3.3608e+8,7.5516e-9
4.2683e+8,8.2496e-9
5.4962e+8,9.0678e-9
7.0773e+8,9.9673e-9
9.0924e+8,1.0933e-8
1.1735e+9,1.2192e-8
1.5111e+9,1.3736e-8
1.9458e+9,1.5381e-8
2.3225e+9,1.6665e-8
2.9701e+9,1.9047e-8
3.7982e+9,2.1905e-8
4.8908e+9,2.5296e-8
6.2833e+9,2.9211e-8
8.1094e+9,3.3802e-8
1.0466e+10,3.9195e-8
1.3262e+10,4.4983e-8
1.8296e+10,5.4016e-8
2.329e+10,6.1993e-8
3.0198e+10,7.2477e-8
3.8264e+10,8.9203e-8
4.8933e+10,1.1276e-7
6.2577e+10,1.4022e-7
8.0579e+10,1.758e-7
9.4645e+10,2.0343e-7