1.664e-2,1.123e+11
4.353e-2,1.142e+11
7.142e-2,1.164e+11
9.906e-2,1.184e+11
1.262e-1,1.205e+11
1.536e-1,1.223e+11
1.807e-1,1.243e+11
2.081e-1,1.26e+11
2.36e-1,1.278e+11
2.634e-1,1.297e+11
2.913e-1,1.315e+11
3.192e-1,1.33e+11
3.441e-1,1.342e+11
3.725e-1,1.356e+11
4.011e-1,1.368e+11
4.263e-1,1.382e+11
4.561e-1,1.39e+11
4.818e-1,1.405e+11
5.107e-1,1.409e+11
5.361e-1,1.425e+11
5.645e-1,1.427e+11
5.928e-1,1.432e+11
6.182e-1,1.446e+11
6.466e-1,1.449e+11
6.74e-1,1.449e+11
7.014e-1,1.449e+11
7.288e-1,1.449e+11
7.562e-1,1.449e+11
7.836e-1,1.449e+11
8.107e-1,1.438e+11
8.384e-1,1.427e+11
8.67e-1,1.423e+11
8.931e-1,1.407e+11
9.203e-1,1.396e+11
9.489e-1,1.38e+11
9.763e-1,1.36e+11
9.927e-1,1.346e+11