1.321836203339519361e+21
1.352785957145865880e+21
1.384460375047920157e+21
1.416876424483575431e+21
1.450051470169842385e+21
1.484003283404832899e+21
1.518750051587541959e+21
1.554310387960499929e+21
1.590703341580568232e+21
1.627948407523194700e+21
1.666065537325560234e+21
1.705075149674291921e+21
1.744998141343371362e+21
1.785855898388178665e+21
1.827670307601637966e+21
1.870463768238561165e+21
1.914259204014548189e+21
1.959080075385828803e+21
2.004950392116588315e+21
2.051894726140588458e+21
2.099938224723930644e+21
2.149106623935977357e+21
2.199426262435716661e+21
2.250924095580936864e+21
2.303627709867701830e+21
2.357565337707961647e+21
2.412765872553171878e+21
2.469258884371972096e+21
2.527074635490305507e+21
2.586244096802429075e+21
2.646798964361436070e+21
2.708771676358283100e+21
2.772195430498367439e+21
2.837104201784910938e+21
2.903532760718801633e+21
2.971516691924496417e+21
3.041092413212080472e+21
3.112297195085658325e+21
3.185169180708455318e+21
3.259747406335448711e+21
3.336071822224405823e+21
3.414183314036484473e+21
3.494123724737959952e+21
3.575935877014775923e+21
3.659663596211842580e+21
3.745351733809501962e+21
3.833046191449684574e+21
3.922793945524540015e+21
4.014643072340862697e+21
4.108642773873728684e+21
4.204843404123039072e+21
4.303296496087312368e+21
4.404054789368917262e+21
4.507172258425742033e+21
4.612704141484357059e+21
4.720706970130067751e+21
4.831238599589883806e+21
4.944358239724533449e+21
5.060126486746040893e+21
5.178605355678037967e+21
5.299858313576106164e+21
5.423950313525843329e+21
5.550947829437067952e+21
5.680918891652706206e+21
5.813933123391313674e+21
5.950061778042981712e+21
6.089377777338499990e+21
6.231955750412086149e+21
6.377872073778881626e+21
6.527204912248450449e+21
6.680034260796134392e+21
6.836441987414914761e+21
6.996511876970584211e+21
7.160329676083667403e+21
7.327983139062293725e+21
7.499562074910584996e+21
7.675158395437531005e+21
7.854866164492533760e+21
8.038781648353512915e+21
8.227003367294981112e+21
8.419632148363508449e+21
8.616771179388775432e+21
8.818526064259338600e+21
9.025004879492681826e+21
9.236318232129619100e+21
9.452579318984408564e+21
9.673903987282151473e+21
9.900410796715804721e+21
1.013222108295634249e+22
1.036945902265000421e+22
1.061225169993713320e+22
1.086072917452883440e+22
1.111502455137727676e+22
1.137527405197743515e+22
1.164161708733834147e+22
1.191419633266266315e+22
1.219315780377503806e+22
1.247865093533991331e+22
1.277082866091058161e+22
1.306984749485266462e+22
1.337586761618580885e+22
1.368905295438819203e+22
1.400957127721028996e+22
1.433759428054475394e+22
1.467329768040022462e+22
1.501686130702886633e+22
1.536846920125785309e+22
1.572830971307605623e+22
1.609657560252930012e+22
1.647346414297803653e+22
1.685917722677238510e+22
1.725392147340166221e+22
1.765790834017628376e+22
1.807135423550071400e+22
1.849448063479896762e+22
1.892751419915440121e+22
1.937068689672694766e+22
1.982423612701361255e+22
2.028840484801833704e+22
2.076344170639913910e+22
2.124960117066275435e+22
2.174714366747800607e+22
2.225633572118030660e+22
2.277745009654322797e+22
2.331076594489214422e+22
2.385656895363952830e+22
2.441515149932139381e+22
2.498681280421644416e+22
2.557185909663303572e+22
2.617060377494834853e+22
2.678336757548875933e+22
2.741047874434109119e+22
2.805227321318606216e+22
2.870909477924911867e+22
2.938129528946476188e+22
3.006923482895216542e+22
3.077328191390440070e+22
3.149381368899385793e+22
3.223121612939913173e+22
3.298588424756276285e+22
3.375822230478984420e+22
3.454864402780045233e+22
3.535757283035292526e+22
3.618544204005626610e+22
3.703269513049228811e+22
3.789978595877342675e+22
3.878717900866259727e+22
3.969534963938455087e+22
4.062478434026389085e+22
4.157598099132467118e+22
4.254944912999122259e+22
4.354571022403391980e+22
4.456529795090577621e+22
4.560875848361836125e+22
4.667665078331213716e+22
4.776954689867674026e+22
4.888803227238095913e+22
5.003270605467827778e+22
5.120418142435497581e+22
5.240308591719185436e+22
5.363006176211740131e+22
5.488576622523135820e+22
5.617087196188222318e+22
5.748606737698946390e+22
5.883205699380079441e+22
6.020956183128411472e+22
6.161931979035578361e+22
6.306208604915048540e+22
6.453863346754753135e+22
6.604975300116670002e+22
6.759625412505820463e+22
6.917896526731293596e+22
7.079873425282352493e+22
7.245642875743664236e+22
7.415293677273842975e+22
7.588916708172090258e+22
7.766604974558638663e+22
7.948453660194986630e+22
8.134560177470404821e+22
8.325024219582389708e+22
8.519947813938771945e+22
8.719435376810044424e+22
8.923593769261355709e+22
9.132532354394112813e+22
9.346363055927558406e+22
9.565200418152123675e+22
9.789161667286463729e+22
1.001836677427085087e+23
1.025293851903093480e+23
1.049300255624610374e+23
1.073868748265748221e+23
1.099012490595198220e+23
1.124744951525913301e+23
1.151079915329823378e+23
1.178031489021486773e+23
1.205614109914613898e+23
1.233842553355485210e+23
1.262731940637453876e+23
1.292297747100744402e+23
1.322555810421869872e+23
1.353522339097140611e+23
1.385213921124798463e+23
1.417647532890407054e+23
1.450840548260256709e+23
1.484810747887719725e+23
1.519576328737436310e+23
1.555155913832481644e+23
1.591568562229797024e+23
1.628833779229101308e+23
1.666971526820822316e+23
1.706002234378691050e+23
1.745946809602608684e+23
1.786826649717726815e+23
1.828663652935731438e+23
1.871480230184459363e+23
1.915299317112092565e+23
1.960144386372426604e+23
2.006039460197756893e+23
2.053009123266081294e+23
2.101078535869582593e+23
2.150273447391396008e+23
2.200620210097863849e+23
2.252145793253711335e+23
2.304877797567681203e+23
2.358844469976324196e+23
2.414074718773924982e+23
2.470598129096644425e+23
2.528444978769117850e+23
2.587646254522076727e+23
2.648233668589643125e+23
2.710239675695130802e+23
2.773697490434545156e+23
2.838641105067041746e+23
2.905105307721816101e+23
2.973125701031283141e+23
3.042738721200456818e+23
3.113981657522703371e+23
3.186892672352412993e+23
3.261510821545232040e+23
3.337876075376749901e+23
3.416029339950941324e+23
3.496012479109776393e+23
3.577868336855699266e+23
3.661640760298971375e+23
3.747374623142335165e+23
3.835115849715307491e+23
3.924911439571090900e+23
4.016809492659428634e+23
4.110859235088576796e+23
4.207111045490344964e+23
4.305616482002449088e+23
4.406428309882338678e+23
4.509600529767457494e+23
4.615188406597069465e+23
4.723248499211095601e+23
4.833838690641726449e+23
4.947018219114183975e+23
5.062847709773128249e+23
5.181389207151646511e+23
5.302706208400317245e+23
5.426863697294107586e+23
5.553928179035155684e+23
5.683967715870306352e+23
5.817051963542313957e+23
5.953252208594168085e+23
6.092641406546678005e+23
6.235294220969648555e+23
6.381287063467467997e+23
6.530698134600680640e+23
6.683607465765396231e+23
6.840096962052768599e+23
7.000250446111739740e+23
7.164153703038397857e+23
7.331894526315857550e+23
7.503562764829442787e+23
7.679250370982282107e+23
7.859051449936850966e+23
8.043062310009102118e+23
8.231381514242022200e+23
8.424109933186040568e+23
8.621350798914835825e+23
8.823209760305253219e+23
9.029794939610784323e+23
9.241216990359181108e+23
9.457589156604949656e+23
9.679027333568467357e+23
9.905650129693985504e+23
1.013757893016027841e+24
1.037493796187715121e+24
1.061785436000290836e+24
1.086645823601873701e+24
1.112088274739565085e+24
1.138126416889166258e+24
1.164774196551761298e+24
1.192045886720995949e+24
1.219956094525093337e+24
1.248519769047687022e+24
1.277752209331650128e+24
1.307669072570172695e+24
1.338286382489512419e+24
1.369620537927864867e+24
1.401688321614952020e+24
1.434506909157007148e+24
1.468093878231990819e+24
1.502467217999912302e+24
1.537645338733311246e+24
1.573647081673030541e+24
1.610491729114567442e+24
1.648199014730367114e+24
1.686789134133576019e+24
1.726282755688935767e+24
1.766701031576530026e+24
1.808065609114343998e+24
1.850398642345672800e+24
1.893722803897548981e+24
1.938061297116544133e+24
1.983437868488402070e+24
2.029876820348176622e+24
2.077403023887602901e+24
2.126041932466685938e+24
2.175819595236617002e+24
2.226762671081259184e+24
2.278898442884652412e+24
2.332254832132191781e+24
2.386860413853203182e+24
2.442744431912951015e+24
2.499936814662188785e+24
2.558468190952655675e+24
2.618369906527003260e+24
2.679674040791928339e+24
2.742413423983476274e+24
2.806621654733615069e+24
2.872333118047485098e+24
2.939583003700928564e+24
3.008407325068039664e+24
3.078842938388852280e+24
3.150927562487353905e+24
3.224699798950425263e+24
3.300199152778368415e+24
3.377466053518074294e+24
3.456541876890112014e+24
3.537468966921190886e+24
3.620290658593826138e+24
3.705051301025296016e+24
3.791796281188170634e+24
3.880572048185080582e+24
3.971426138090627916e+24
4.064407199373700234e+24
4.159565018913657940e+24
4.256950548624261517e+24
4.356615932699543362e+24
4.458614535496045588e+24
4.563000970066274734e+24
4.669831127358605472e+24
4.779162206099054933e+24
4.891052743370886141e+24
5.005562645908248685e+24
5.122753222120528618e+24
5.242687214864377007e+24
5.365428834980811734e+24
5.491043795615281108e+24
5.619599347338812959e+24
5.751164314088932333e+24
5.885809129949468973e+24
6.023605876788657113e+24
6.164628322775604396e+24
6.308951961795456932e+24
6.456654053784284356e+24
6.607813666004900954e+24
6.762511715285629196e+24
6.920831011244342717e+24
7.082856300520648733e+24
7.248674312039636757e+24
7.418373803331268016e+24
7.592045607929696804e+24
7.769782683877836174e+24
7.951680163362619938e+24
8.137835403507395436e+24
8.328348038348130614e+24
8.523320032020945772e+24
8.722855733189188971e+24
8.927061930738594095e+24
9.136047910770022625e+24
9.349925514919958037e+24
9.568809200039323343e+24
9.792816099262191924e+24
1.002206608449666081e+25
1.025668183037064738e+25
1.049678887966642368e+25
1.074251571027821170e+25
1.099399380372830414e+25
1.125135771527744269e+25
1.151474514566656230e+25
1.178429701452755548e+25
1.206015753550153520e+25
1.234247429310408860e+25
1.263139832137797801e+25
1.292708418437435128e+25
1.322969005850481833e+25
1.353937781680743394e+25
1.385631311517082691e+25
1.418066548056169962e+25
1.451260840130138338e+25
1.485231941943948681e+25
1.519998022527197621e+25
1.555577675405381682e+25
1.591989928495639151e+25
1.629254254232095323e+25
1.667390579926159635e+25
1.706419298367130080e+25
1.746361278668605699e+25
1.787237877366402894e+25
1.829070949773717959e+25
1.871882861599413046e+25
1.915696500835495223e+25
1.960535289919961341e+25
2.006423198181246736e+25
2.053384754570804808e+25
2.101445060690383860e+25
2.150629804120676624e+25
2.200965272058327195e+25
2.252478365268281320e+25
2.305196612358640639e+25
2.359148184385483796e+25
2.414361909795044349e+25
2.470867289711026663e+25
2.528694513574895109e+25
2.587874475147096842e+25
2.648438788877524648e+25
2.710419806653551212e+25
2.773850634934162917e+25
2.838765152279043370e+25
2.905198027281499815e+25
2.973184736914339490e+25
3.042761585298117788e+25
3.113965722901278456e+25
3.186835166181861519e+25
3.261408817680864828e+25
3.337726486577382432e+25
3.415828909715855650e+25
3.495757773116174241e+25
3.577555733977431655e+25
3.661266443186338533e+25
3.746934568341784308e+25
3.834605817306907997e+25
3.924326962300658962e+25
4.016145864540824181e+25
4.110111499450792304e+25
4.206273982442720789e+25
4.304684595289925309e+25
4.405395813101479407e+25
4.508461331912578457e+25
4.613936096904245188e+25
4.721876331266227167e+25
4.832339565717509621e+25
4.945384668698839447e+25
5.061071877252049722e+25
5.179462828601438696e+25
5.300620592452578419e+25
5.424609704024214140e+25
5.551496197829469729e+25
5.681347642222697145e+25
5.814233174728580343e+25
5.950223538170770517e+25
6.089391117617181900e+25
6.231809978159912234e+25
6.377555903547788115e+25
6.526706435689856704e+25
6.679340915048835881e+25
6.835540521943591658e+25
6.995388318780027747e+25
7.158969293230560742e+25
7.326370402382314014e+25
7.497680617874594611e+25
7.672990972046930440e+25
7.852394605119021441e+25
8.035986813424261704e+25
8.223865098719389697e+25
8.416129218592763630e+25
8.612881237994126663e+25
8.814225581909680117e+25
9.020269089206160883e+25
9.231121067668057306e+25
9.446893350253106292e+25
9.667700352590705847e+25
9.893659131749251644e+25
1.012488944629819836e+26
1.036151381769114474e+26
1.060365759299709680e+26
1.085144900900710850e+26
1.110501925774372052e+26
1.136450255340189621e+26
1.163003620074969833e+26
1.190176066501769946e+26
1.217981964330681615e+26
1.246436013754445141e+26
1.275553252901889327e+26
1.305349065452321458e+26
1.335839188413965792e+26
1.367039720069576948e+26
1.398967128092483613e+26
1.431638257836271936e+26
1.465070340801365566e+26
1.499281003281885051e+26
1.534288275196065214e+26
1.570110599103689823e+26
1.606766839413948288e+26
1.644276291787143805e+26
1.682658692733815561e+26
1.721934229414766786e+26
1.762123549645532390e+26
1.803247772108924032e+26
1.845328496779251778e+26
1.888387815561805066e+26
1.932448323151327517e+26
1.977533128113131859e+26
2.023665864190499153e+26
2.070870701842150488e+26
2.119172360013458346e+26
2.168596118145096481e+26
2.219167828422903748e+26
2.270913928272669644e+26
2.323861453103497094e+26
2.378038049303542331e+26
2.433471987491761617e+26
2.490192176029303866e+26
2.548228174794295049e+26
2.607610209223483698e+26
2.668369184624433269e+26
2.730536700761733415e+26
2.794145066720658252e+26
2.859227316051758427e+26
2.925817222199684853e+26
2.993949314219449855e+26
3.063658892783387179e+26
3.134982046481837585e+26
3.207955668420461037e+26
3.282617473117123896e+26
3.359006013701014708e+26
3.437160699416492738e+26
3.517121813434180590e+26
3.598930530971488273e+26
3.682628937724515510e+26
3.768260048613341674e+26
3.855867826842200040e+26
3.945497203275890828e+26
4.037194096133691279e+26
4.131005431001412867e+26
4.226979161162309999e+26
4.325164288247001714e+26
4.425610883202189903e+26
4.528370107577839392e+26
4.633494235131848878e+26
4.741036673750818399e+26
4.851051987685292253e+26
4.963595920097171822e+26
5.078725415916424442e+26
5.196498645003949928e+26
5.316975025616622435e+26
5.440215248169888336e+26
5.566281299292912542e+26
5.695236486170319395e+26
5.827145461163759273e+26
5.962074246706084666e+26
6.100090260459800066e+26
6.241262340730454236e+26
6.385660772125211889e+26
6.533357311445143753e+26
6.684425213799343783e+26
6.838939258927550892e+26
6.996975777716625576e+26
7.158612678895480026e+26
7.323929475891306590e+26
7.493007313828559965e+26
7.665928996651121784e+26
7.842779014346075213e+26
8.023643570245920062e+26
8.208610608384813796e+26
8.397769840882058426e+26
8.591212775324366951e+26
8.789032742116681018e+26
8.991324921768933783e+26
9.198186372083866342e+26
9.409716055209233154e+26
9.626014864514775543e+26
9.847185651251842364e+26
1.007333325095154818e+27
1.030456450951348766e+27
1.054098830893520921e+27
1.078271559262900080e+27
1.102985939026927488e+27
1.128253484211117353e+27
1.154085922271695871e+27
1.180495196402322473e+27
1.207493467767868091e+27
1.235093117657796313e+27
1.263306749551266808e+27
1.292147191085738880e+27
1.321627495920346257e+27
1.351760945484863297e+27
1.382561050604681064e+27
1.414041552991662075e+27
1.446216426590238304e+27
1.479099878767679249e+27
1.512706351336848026e+27
1.547050521399215350e+27
1.582147301995437545e+27
1.618011842550080132e+27
1.654659529096623814e+27
1.692105984268207686e+27
1.730367067038929545e+27
1.769458872200001990e+27
1.809397729554335964e+27
1.850200202812493371e+27
1.891883088172375056e+27
1.934463412564298550e+27
1.977958431542438778e+27
2.022385626803084355e+27
2.067762703309386645e+27
2.114107586001675120e+27
2.161438416071868311e+27
2.209773546779797980e+27
2.259131538788693218e+27
2.309531154996580243e+27
2.360991354839755534e+27
2.413531288043932226e+27
2.467170287798402650e+27
2.521927863327877422e+27
2.577823691836567695e+27
2.634877609798623436e+27
2.693109603568845356e+27
2.752539799287546111e+27
2.813188452053299216e+27
2.875075934337331146e+27
2.938222723613649936e+27
3.002649389179117382e+27
3.068376578138109568e+27
3.135425000527118496e+27
3.203815413555216632e+27
3.273568604937197305e+27
3.344705375297423275e+27
3.417246519623570813e+27
3.491212807750853555e+27
3.566624963859256560e+27
3.643503644968056991e+27
3.721869418414038708e+27
3.801742738302520560e+27
3.883143920922780518e+27
3.966093119122487481e+27
4.050610295639288636e+27
4.136715195390894876e+27
4.224427316729310266e+27
4.313765881668845521e+27
4.404749805102029940e+27
4.497397663022683569e+27
4.591727659780317984e+27
4.687757594395512902e+27
4.785504825971978574e+27
4.884986238246800621e+27
4.986218203326783484e+27
5.089216544665594290e+27
5.193996499343069221e+27
5.300572679715067080e+27
5.408959034509692899e+27
5.519168809452877260e+27
5.631214507513658723e+27
5.745107848867244707e+27
5.860859730681190649e+27
5.978480186837280808e+27
6.097978347709344533e+27
6.219362400123645337e+27
6.342639547635801773e+27
6.467815971264147473e+27
6.594896790825388266e+27
6.723886027024036087e+27
6.854786564451622791e+27
6.987600115655717883e+27
7.122327186442363008e+27
7.258967042577682258e+27
7.397517678055821566e+27
7.537975785101258835e+27
7.680336726072430264e+27
7.824594507431972333e+27
7.970741755946130157e+27
8.118769697271369417e+27
8.268668137080723802e+27
8.420425444875921711e+27
8.574028540622986245e+27
8.729462884339493953e+27
8.886712468751574387e+27
9.045759815126161802e+27
9.206585972371618828e+27
9.369170519485408788e+27
9.533491571412255164e+27
9.699525788360751124e+27
9.867248388609087773e+27
1.003663316481330309e+28
1.020765250381379092e+28
1.038027740991738716e+28
1.055447753161372216e+28
1.073022119166671763e+28
1.090747542050334853e+28
1.108620599280398703e+28
1.126637746718166609e+28
1.144795322882048730e+28
1.163089553492763275e+28
1.181516556283904165e+28
1.200072346060468357e+28
1.218752839986698411e+28
1.237553863083551790e+28
1.256471153915065378e+28
1.275500370442173193e+28
1.294637096021857340e+28
1.313876845529017859e+28
1.333215071578214312e+28
1.352647170822229129e+28
1.372168490304451622e+28
1.391774333842277237e+28
1.411459968419057709e+28
1.431220630562584179e+28
1.451051532688775386e+28
1.470947869389942114e+28
1.490904823647863520e+28
1.510917572952935481e+28
1.530981295311644180e+28
1.551091175125777265e+28
1.571242408928024500e+28
1.591430210959814324e+28
1.611649818578528635e+28
1.631896497482614487e+28
1.652165546744316870e+28
1.672452303641206138e+28
1.692752148278888394e+28
1.713060507998601479e+28
1.733372861564693788e+28
1.753684743128150388e+28
1.773991745963502085e+28
1.794289525977618597e+28
1.814573804989889728e+28
1.834840373784303624e+28
1.855085094934889727e+28
1.875303905406821779e+28
1.895492818936248949e+28
1.915647928192704030e+28
1.935765406728518207e+28
1.955841510720263193e+28
1.975872580507790213e+28
1.995855041936822982e+28
2.015785407511447763e+28
2.035660277363216753e+28
2.055476340043711255e+28
2.075230373147775211e+28
2.094919243774628831e+28
2.114539908834253664e+28
2.134089415206482691e+28
2.153564899760238710e+28
2.172963589240309694e+28
2.192282800029066160e+28
2.211519937790367611e+28
2.230672497002810616e+28
2.249738060389369025e+28
2.268714298250279366e+28
2.287598967705844567e+28
2.306389911855680080e+28
2.325085058860734256e+28
2.343682420954034867e+28
2.362180093386221392e+28
2.380576253311374259e+28
2.398869158618584506e+28
2.417057146714478635e+28
2.435138633261629291e+28
2.453112110877573083e+28
2.470976147798958050e+28
2.488729386515056981e+28
2.506370542374728837e+28
2.523898402170649321e+28
2.541311822704414339e+28
2.558609729335963542e+28
2.575791114520522218e+28
2.592855036336075064e+28
2.609800617004220465e+28
2.626627041407066526e+28
2.643333555602615493e+28
2.659919465340992168e+28
2.676384134583659028e+28
2.692726984022999467e+28
2.708947489636357090e+28
2.725045181179652447e+28
2.741019640783125045e+28
2.756870501489713837e+28
2.772597445833993860e+28
2.788200204430693576e+28
2.803678554578541602e+28
2.819032318880439873e+28
2.834261363880903093e+28
2.849365598721643205e+28
2.864344973815908892e+28
2.879199479542465877e+28
2.893929144959636269e+28
2.908534036539995533e+28
2.923014256926199442e+28
2.937369943708294157e+28
2.951601268222876246e+28
2.965708434374370924e+28
2.979691677478680068e+28
2.993551263129356591e+28
3.007287486086445470e+28
3.020900669188118523e+28
3.034391162285118785e+28
3.047759341198042607e+28
3.061005606697485894e+28
3.074130383506948458e+28
3.087134119328447264e+28
3.100017283890765520e+28
3.112780368020162170e+28
3.125423882728894344e+28
3.137948358353001448e+28
3.150354343644344299e+28
3.162642404974659417e+28
3.174813125493473859e+28
3.186867104334373054e+28
3.198804955837788572e+28
3.210627308794584710e+28
3.222334805710114013e+28
3.233928102088483142e+28
3.245407865736766527e+28
3.256774776088754816e+28
3.268029523548056493e+28
3.279172808850170023e+28
3.290205342443194930e+28
3.301127843886872599e+28
3.311941041269647207e+28
3.322645670643368528e+28
3.333242475475334921e+28
3.343732206117331692e+28
3.354115619291323529e+28
3.364393477591454024e+28
3.374566549002037807e+28
3.384635606431182016e+28
3.394601427259704617e+28
3.404464792905036867e+28
3.414226488399738721e+28
3.423887301984318896e+28
3.433448024714025319e+28
3.442909450079278764e+28
3.452272373634995370e+28
3.461537592669436617e+28
3.470705905819410596e+28
3.479778112786274755e+28
3.488755013997654434e+28
3.497637410307450796e+28
3.506426102702857475e+28
3.515121892022522768e+28
3.523725578685570591e+28
3.532237962431176315e+28
3.540659842068431388e+28
3.548992015236167336e+28
3.557235278172542541e+28
3.565390425494060642e+28
3.573458249983772925e+28
3.581439542388412712e+28
3.589335091224181583e+28
3.597145682590970616e+28
3.604872099994747039e+28
3.612515124177859999e+28
3.620075532957059194e+28
3.627554101068963788e+28
3.634951600022771837e+28
3.642268797959988990e+28
3.649506459520955695e+28
3.656665345717962240e+28
3.663746213814745354e+28
3.670749817212175062e+28
3.677676905339904856e+28
3.684528223553840027e+28
3.691304513039189777e+28
3.698006510718947382e+28
3.704634949167615916e+28
3.711190556530002721e+28
3.717674056444906261e+28
3.724086167973547589e+28
3.730427605532564355e+28
3.736699078831434517e+28
3.742901292814149006e+28
3.749034947605012846e+28
3.755100738458433968e+28
3.761099355712474571e+28
3.767031484746189183e+28
3.772897805940460501e+28
3.778698994642291648e+28
3.784435721132402691e+28
3.790108650596008254e+28
3.795718443096666302e+28
3.801265753553080195e+28
3.806751231718731782e+28
3.812175522164254909e+28
3.817539264262437196e+28
3.822843092175736189e+28
3.828087634846231578e+28
3.833273515987901788e+28
3.838401354081141815e+28
3.843471762369413676e+28
3.848485348857981527e+28
3.853442716314594681e+28
3.858344462272077618e+28
3.863191179032733308e+28
3.867983453674469253e+28
3.872721868058603577e+28
3.877406998839242540e+28
3.882039417474188136e+28
3.886619690237294842e+28
3.891148378232209998e+28
3.895626037407439751e+28
3.900053218572675046e+28
3.904430467416316963e+28
3.908758324524177646e+28
3.913037325399202029e+28
3.917268000482299178e+28
3.921450875174126259e+28
3.925586469857805765e+28
3.929675299922539950e+28
3.933717875788064403e+28
3.937714702929886684e+28
3.941666281905295924e+28
3.945573108380071727e+28
3.949435673155862449e+28
3.953254462198205149e+28
3.957029956665130486e+28
3.960762632936331882e+28
3.964452962642854537e+28
3.968101412697280099e+28
3.971708445324359938e+28
3.975274518092086467e+28
3.978800083943146209e+28
3.982285591226764294e+28
3.985731483730855060e+28
3.989138200714525372e+28
3.992506176940826878e+28
3.995835842709802927e+28
3.999127623891754519e+28
4.002381941960733181e+28
4.005599214028219454e+28
4.008779852876986088e+28
4.011924266995099343e+28
4.015032860610066299e+28
4.018106033723107952e+28
4.021144182143483333e+28
4.024147697522940280e+28
4.027116967390218999e+28
4.030052375185589035e+28
4.032954300295430241e+28
4.035823118086824289e+28
4.038659199942164656e+28
4.041462913293734948e+28
4.044234621658283702e+28
4.046974684671560487e+28
4.049683458122799223e+28
4.052361293989155771e+28
4.055008540470068988e+28
4.057625542021550535e+28
4.060212639390382330e+28
4.062770169648223395e+28
4.065298466225608521e+28
4.067797858945834329e+28
4.070268674058720443e+28
4.072711234274251898e+28
4.075125858796074669e+28
4.077512863354851330e+28
4.079872560241477747e+28
4.082205258340124714e+28
4.084511263161143263e+28
4.086790876873777331e+28
4.089044398338730418e+28
4.091272123140534325e+28
4.093474343619745497e+28
4.095651348904983032e+28
4.097803424944703685e+28
4.099930854538867807e+28
4.102033917370358107e+28
4.104112890036217216e+28
4.106168046078671510e+28
4.108199656015960536e+28
4.110207987372945654e+28
4.112193304711520771e+28
4.114155869660795256e+28
4.116095940947069264e+28
4.118013774423595316e+28
4.119909623100109425e+28
4.121783737172153748e+28
4.123636364050164390e+28
4.125467748388346336e+28
4.127278132113321445e+28
4.129067754452537197e+28
4.130836851962471358e+28
4.132585658556588609e+28
4.134314405533091337e+28
4.136023321602405666e+28
4.137712632914484529e+28
4.139382563085842464e+28
4.141033333226381934e+28
