1.0803e-4,5.1556e+5
1.1993e-4,5.1556e+5
1.4778e-4,5.1556e+5
1.6405e-4,5.1556e+5
1.7366e-4,5.1556e+5
2.0408e-4,5.1556e+5
2.2654e-4,5.1556e+5
2.4096e-4,5.1556e+5
2.8451e-4,5.1556e+5
3.1582e-4,5.1556e+5
3.3433e-4,5.1556e+5
3.9289e-4,5.1556e+5
4.3613e-4,5.1556e+5
4.6389e-4,5.1556e+5
5.4773e-4,5.1556e+5
6.0802e-4,5.1556e+5
6.4611e-4,5.195e+5
7.571e-4,5.1556e+5
8.3805e-4,5.1262e+5
8.9308e-4,5.1067e+5
1.0545e-3,5.0583e+5
1.1706e-3,5.0583e+5
1.2451e-3,5.0583e+5
1.4701e-3,5.0583e+5
1.6319e-3,5.0583e+5
1.7275e-3,5.0583e+5
2.0262e-3,5.039e+5
2.2578e-3,4.9817e+5
2.397e-3,4.9628e+5
2.8302e-3,4.9628e+5
3.1358e-3,4.9439e+5
3.3259e-3,4.9157e+5
3.9083e-3,4.8691e+5
4.3385e-3,4.8229e+5
4.6147e-3,4.7772e+5
5.4487e-3,4.687e+5
6.0542e-3,4.6073e+5
6.4273e-3,4.6337e+5
7.5314e-3,4.4181e+5
8.3525e-3,4.3182e+5
8.8841e-3,4.261e+5
1.042e-2,4.1017e+5
1.1534e-2,3.9861e+5
1.228e-2,3.9258e+5
1.45e-2,3.7076e+5
1.608e-2,3.5826e+5
1.7071e-2,3.5351e+5
1.989e-2,3.2384e+5
2.1996e-2,3.0877e+5
2.3396e-2,3.0352e+5
2.7494e-2,2.7699e+5
3.0232e-2,2.631e+5
3.2247e-2,2.5764e+5
3.7537e-2,2.259e+5
4.159e-2,2.1334e+5
4.5472e-2,1.9507e+5
5.1444e-2,1.7972e+5
5.646e-2,1.6716e+5
6.173e-2,1.5284e+5
6.7108e-2,1.4189e+5
7.1177e-2,1.23e+5
7.6284e-2,1.1224e+5
8.0297e-2,9.711e+4
8.7293e-2,8.6948e+4
9.2937e-2,7.5224e+4
9.9701e-2,6.8127e+4
1.0504e-1,5.9961e+4
1.1366e-1,5.5454e+4
1.2101e-1,4.8714e+4
1.3105e-1,4.4118e+4
1.3979e-1,3.8904e+4
1.5139e-1,3.5368e+4
1.6241e-1,3.101e+4
1.7639e-1,2.8031e+4
1.8833e-1,2.4955e+4
1.9994e-1,2.4205e+4
2.1985e-1,1.9405e+4
2.3946e-1,1.7574e+4
2.5836e-1,1.5556e+4
2.8113e-1,1.4196e+4
3.0621e-1,1.2638e+4
3.3415e-1,1.1578e+4
3.6327e-1,1.0366e+4
3.9718e-1,9.388e+3
4.3384e-1,8.4538e+3
4.7478e-1,7.7148e+3
5.1615e-1,6.987e+3
5.6379e-1,6.4006e+3
6.1291e-1,5.7857e+3
6.6948e-1,5.3203e+3
7.3755e-1,4.8276e+3
8.11e-1,4.4308e+3
8.9515e-1,4.0281e+3
9.6762e-1,3.7254e+3