1.0000e-3,9.1332e+9 
1.0753e-3,9.1332e+9
1.2188e-3,9.1332e+9
1.3814e-3,9.1332e+9
1.5658e-3,9.1332e+9
1.7747e-3,9.1332e+9
2.0116e-3,9.1332e+9
2.2858e-3,9.1866e+9
2.5843e-3,9.1332e+9
2.9292e-3,9.1332e+9
3.3202e-3,9.1332e+9
3.7633e-3,9.1332e+9
4.2655e-3,9.1332e+9
4.8347e-3,9.1332e+9
5.5213e-3,8.9224e+9
6.2113e-3,8.8704e+9
6.9788e-3,8.7164e+9
7.9798e-3,8.6153e+9
9.0447e-3,8.6153e+9
1.0329e-2,8.4164e+9
1.1722e-2,8.0324e+9
1.3056e-2,7.7559e+9
1.4817e-2,7.402e+9
1.6984e-2,7.0643e+9
1.9372e-2,6.742e+9
2.1711e-2,6.105e+9
2.4639e-2,5.3069e+9
2.7928e-2,4.6131e+9
3.1655e-2,4.0335e+9
3.5879e-2,3.4858e+9
4.0872e-2,2.9949e+9
4.598e-2,2.5138e+9
5.2443e-2,2.0137e+9
5.8997e-2,1.6705e+9
6.7038e-2,1.346e+9
7.6176e-2,1.0909e+9
8.6342e-2,8.893e+8
9.8233e-2,7.2496e+8
1.112e-1,6.0849e+8
1.2573e-1,5.1976e+8
1.4197e-1,4.4397e+8
1.6092e-1,3.7702e+8
1.8354e-1,3.183e+8
2.07e-1,2.7348e+8
2.358e-1,2.462e+8
2.6694e-1,2.2294e+8
3.0105e-1,2.0188e+8
3.4037e-1,1.8174e+8
3.8822e-1,1.6361e+8
4.4335e-1,1.5166e+8
4.9378e-1,1.4644e+8
5.5828e-1,1.3894e+8
6.3996e-1,1.3653e+8
7.2536e-1,1.3653e+8
8.2216e-1,1.3653e+8
9.4127e-1,1.3975e+8
9.9836e-1,1.4057e+8