1.0574e-4,5.586e+0
1.2597e-4,5.584e+0
1.4883e-4,5.603e+0
1.8041e-4,5.623e+0
2.159e-4,5.623e+0
2.6171e-4,5.603e+0
3.0921e-4,5.603e+0
3.7965e-4,5.603e+0
4.5434e-4,5.623e+0
5.4372e-4,5.603e+0
6.5909e-4,5.603e+0
7.8874e-4,5.603e+0
9.561e-4,5.584e+0
1.1891e-3,5.584e+0
1.4979e-3,5.584e+0
1.8392e-3,5.584e+0
2.2582e-3,5.584e+0
2.8447e-3,5.603e+0
3.4483e-3,5.584e+0
4.142e-3,5.616e+0
4.983e-3,5.616e+0
5.9948e-3,5.616e+0
7.1561e-3,5.618e+0
8.6595e-3,5.618e+0
1.0337e-2,5.645e+0
1.2533e-2,5.663e+0
1.4961e-2,5.675e+0
1.8175e-2,5.704e+0
2.1611e-2,5.707e+0
2.605e-2,5.76e+0
3.1036e-2,5.825e+0
3.7265e-2,5.908e+0
4.4397e-2,5.984e+0
5.2382e-2,6.097e+0
6.1564e-2,6.232e+0
7.2214e-2,6.362e+0
8.5037e-2,6.504e+0
9.9167e-2,6.66e+0
1.143e-1,6.826e+0
1.3252e-1,6.994e+0
1.5424e-1,7.159e+0
1.7813e-1,7.336e+0
2.0532e-1,7.51e+0
2.3666e-1,7.69e+0
2.7172e-1,7.873e+0
3.1258e-1,8.047e+0
3.6099e-1,8.227e+0
4.1528e-1,8.407e+0
4.7774e-1,8.581e+0
5.5065e-1,8.77e+0
6.3347e-1,8.95e+0
7.259e-1,9.127e+0
8.3507e-1,9.313e+0
9.6253e-1,9.496e+0